asdasd000011010
000011001
001011000
010010111
000010101
000010100
000010011
000010010
000011010
000011001
001011000
010010111
000010101
000010100
000010011
000010010
000011010
000011001
001011000
010010111
000010101
000010100
000010011
000010010
000011010
000011001
001011000
010010111
000010101
000010100
000010011
000010010
000011010
000011001
001011000
010010111
000010101
000010100
000010011
000010010
000011010
000011001
001011000
010010111
000010101
000010100
000010011
000010010
000011010
000011001
001011000
010010111
000010101
000010100
000010011
000010010
000011010
000011001
001011000
010010111
000010101
000010100
000010011
000010010
